Time,Cwnd
3.00053,14480
3.0021,14480
3.0041,15928
3.00411,18824
3.00523,21720
3.00524,24616
3.00698,27512
3.00699,30408
3.00748,33304
3.00749,36200
3.0086,39096
3.00861,41992
3.01436,43440
3.02011,44888
3.02586,46336
3.03149,47784
3.03724,49232
3.04299,50680
3.04874,52128
3.05449,53576
3.06011,55024
3.06586,56472
3.07161,57920
3.07736,59368
3.08299,60816
3.08874,62264
3.09449,63712
3.10024,65160
3.10599,66608
3.11161,68056
3.11736,69504
3.12311,70952
3.12886,72400
3.13449,73848
3.14024,75296
3.14599,76744
3.15174,78192
3.15736,79640
3.16311,81088
3.16886,82536
3.17461,83984
3.18036,85432
3.18599,86880
3.19174,88328
3.19749,89776
3.20324,91224
3.20886,92672
3.21461,94120
3.22036,95568
3.22611,97016
3.23186,98464
3.23749,99912
3.24324,101360
3.24899,102808
3.25474,104256
3.26036,105704
3.26611,107152
3.27186,108600
3.27761,110048
3.28336,111496
3.28899,112944
3.29474,114392
3.30049,115840
3.30624,117288
3.31186,118736
3.31761,120184
3.32336,121632
3.32911,123080
3.33499,124528
3.34049,125976
3.34624,127424
3.35199,128872
3.35774,130320
3.36336,131768
3.36911,133216
3.37499,134664
3.38061,136112
3.38624,137560
3.39199,139008
3.39774,140456
3.40349,141904
3.40924,143352
3.41499,144800
3.42061,146248
3.42636,147696
3.43211,149144
3.43774,150592
3.44349,152040
3.44924,153488
3.45499,154936
3.46074,156384
3.46636,157832
3.47211,159280
3.47786,160728
3.48361,162176
3.48924,163624
3.49499,165072
3.50074,166520
3.50649,167968
3.51224,169416
3.51786,170864
3.52361,172312
3.52936,173760
3.53511,175208
3.54074,176656
3.54649,178104
3.55224,179552
3.55799,181000
3.56374,182448
3.56936,183896
3.57511,185344
3.58086,186792
3.58724,188240
3.59224,189688
3.59799,191136
3.60374,192584
3.60949,194032
3.61524,195480
3.62086,196928
3.62661,198376
3.63236,199824
3.63811,201272
3.64374,202720
3.64949,204168
3.65524,205616
3.66099,207064
3.66661,208512
3.67236,209960
3.67811,211408
3.68386,212856
3.68961,214304
3.69524,215752
3.70035,214905
3.70036,215506
3.7011,216107
3.70111,216708
3.70185,217309
3.70186,217910
3.7026,218511
3.70261,219111
3.70263,219712
3.70264,217200
3.70265,215752
3.70335,214304
3.70336,212856
3.7041,211408
3.70411,209960
3.70498,208512
3.70499,207064
3.70573,205616
3.70574,205543
3.70575,202720
3.70648,201272
3.70649,199824
3.70723,198376
3.70724,196928
3.70725,195480
3.70726,194032
3.70798,192584
3.70799,191136
3.708,191374
3.70873,189688
3.70874,188240
3.70948,186792
3.70949,185344
3.71023,183896
3.71024,182448
3.71025,181000
3.71026,179552
3.71028,178104
3.71098,177205
3.71099,175208
3.71173,173760
3.71174,172312
3.71248,170864
3.71249,169416
3.71323,167968
3.71324,166520
3.71398,165072
3.71399,163624
3.714,163036
3.71401,160728
3.71403,159280
3.71473,157832
3.71474,156384
3.71548,154936
3.71549,153488
3.71623,152040
3.71624,150592
3.74249,152040
3.77685,153488
3.81348,154936
3.85123,156384
3.88898,157832
3.92673,159280
3.9656,160728
4.00573,162176
4.04573,163624
4.08698,165072
4.12923,166520
4.1716,167968
4.2151,169416
4.25973,170864
4.3056,172312
4.35123,173760
4.39823,175208
4.44748,176656
4.4966,178104
4.5481,179552
4.5996,181000
4.65335,182448
4.70835,183896
4.7656,185344
4.82023,184494
4.82024,185092
4.82098,185689
4.82099,186287
4.821,186884
4.82173,187482
4.82174,188080
4.82175,188677
4.82248,189275
4.82249,189872
4.82323,190470
4.82324,188240
4.82325,186792
4.82398,185344
4.82399,183896
4.82473,182448
4.82474,181000
4.82475,179552
4.82548,178104
4.82549,176656
4.8255,175208
4.82623,173760
4.82624,174100
4.82698,172312
4.82699,170864
4.827,169416
4.82773,167968
4.82774,166520
4.82775,165072
4.82848,163624
4.82849,162176
4.82923,160728
4.82924,159280
4.82925,157832
4.82998,156384
4.82999,154936
4.83073,153488
4.83074,152040
4.83075,150592
4.83148,149144
4.83149,147696
4.8315,146248
4.83223,144800
4.83224,143352
4.83298,141904
4.83299,140763
4.833,139008
4.83373,137560
4.83374,136112
4.83375,134664
4.83448,133216
4.83449,131768
4.83523,130320
4.83524,128872
4.85624,130320
4.91561,131768
4.96473,133216
5.01335,134664
5.0631,136112
5.11349,137560
5.16498,139008
5.21585,140456
5.26735,141904
5.31999,143352
5.37261,144800
5.42649,146248
5.48024,147696
5.53511,149144
5.59011,150592
5.64611,152040
5.70224,153488
5.75948,154936
5.81673,156384
5.87386,157832
5.93224,159280
5.99173,160728
6.05123,162176
6.11074,163624
6.17148,165072
6.23211,166520
6.29385,167968
6.35574,169416
6.4186,170864
6.48161,172312
6.5456,173760
6.60974,175208
6.67498,176656
6.74023,178104
6.80536,179552
6.87174,181000
6.93935,182448
7.00685,183896
7.07436,185344
7.07525,184494
7.0761,185092
7.07611,185689
7.07613,186287
7.07685,186884
7.07686,187482
7.07688,188080
7.07773,188677
7.07774,189275
7.07775,189872
7.0786,190470
7.07861,188240
7.07863,186792
7.07948,185344
7.07949,183896
7.0795,182448
7.08035,181000
7.08036,179552
7.08038,178104
7.08123,176656
7.08124,175208
7.08125,173760
7.0821,174100
7.08211,172312
7.08213,170864
7.08298,169416
7.08299,167968
7.083,166520
7.08373,165072
7.08374,163624
7.08375,162176
7.0846,160728
7.08461,159280
7.08463,157832
7.0856,156384
7.08561,154936
7.08563,153488
7.08635,152040
7.08636,150592
7.08638,149144
7.08723,147696
7.08724,146248
7.08725,144800
7.0881,143352
7.08811,141904
7.08813,140763
7.08898,139008
7.08899,137560
7.089,136112
7.08973,134664
7.08974,133216
7.08975,131768
7.0906,130320
7.09061,128872
7.1121,130320
7.14985,131768
7.1911,133216
7.23223,134664
7.27348,136112
7.31586,137560
7.36048,139008
7.40398,140456
7.44973,141904
7.4956,143352
7.54348,144800
7.5916,146248
7.64198,147696
7.69235,149144
7.74498,150592
7.79873,152040
7.8536,153488
7.90974,154936
7.96923,156384
8.02873,157832
8.09173,159280
8.15698,160728
8.22335,162176
8.2931,163624
8.36635,165072
8.44185,166520
8.52198,167968
8.6056,169416
8.69473,170864
8.76798,172312
8.8321,173760
8.89623,175208
8.96024,176656
9.02561,178104
9.09185,179552
9.15823,181000
9.22461,182448
9.29211,183896
9.3605,183039
9.36135,183630
9.36136,184221
9.36138,184812
9.36223,185402
9.36224,185993
9.36225,186584
9.3631,187175
9.36311,187766
9.36313,188356
9.36398,188947
9.36399,186792
9.364,185344
9.36498,183896
9.36499,182448
9.365,181000
9.36573,179552
9.36574,178104
9.36575,176656
9.36648,175208
9.36649,173760
9.3665,172312
9.36735,172307
9.36736,169416
9.36738,167968
9.36823,166520
9.36824,165072
9.36825,163624
9.3691,162176
9.36911,160728
9.36913,159280
9.36998,157832
9.36999,156384
9.37,155077
9.37085,153488
9.37086,152040
9.37088,150592
9.37173,149144
9.37174,147696
9.37175,146248
9.3726,144800
9.37261,143352
9.37263,141904
9.37335,140456
9.37336,139008
9.37338,138437
9.37423,136112
9.37424,134664
9.37425,133216
9.3751,131768
9.37511,130320
9.37513,128872
9.37598,127424
9.39663,128872
9.43435,130320
9.5041,131768
9.55224,133216
9.60149,134664
9.65173,136112
9.7021,137560
9.75249,139008
9.80399,140456
9.8566,141904
9.90811,143352
9.96185,144800
10.0145,146248
10.0695,147696
10.1232,149144
10.1794,150592
10.2342,152040
10.2904,153488
10.3482,154936
10.4047,156384
10.462,157832
10.5204,159280
10.5792,160728
10.6389,162176
10.6995,163624
10.7601,165072
10.8207,166520
10.8826,167968
10.9444,169416
11.0072,170864
11.0702,172312
11.1344,173760
11.1984,175208
11.2625,176656
11.3277,178104
11.3941,179552
11.4605,181000
11.5269,182448
11.5944,183896
11.663,185344
11.7317,186792
11.7382,185949
11.7382,186553
11.7383,187157
11.7391,187762
11.7391,188366
11.7391,188970
11.74,189574
11.74,190179
11.74,190783
11.7409,191387
11.7409,191992
11.7409,189688
11.7417,188240
11.7417,186792
11.7418,185344
11.7426,183896
11.7426,182448
11.7426,181000
11.7434,179552
11.7434,178104
11.7434,176656
11.7442,175283
11.7442,173760
11.7443,172312
11.7451,170864
11.7451,169416
11.7451,167968
11.746,166520
11.746,165072
11.746,163624
11.7469,162176
11.7469,160728
11.7469,159280
11.7477,159179
11.7477,156384
11.7478,154936
11.7486,153488
11.7486,152040
11.7486,150592
11.7495,149144
11.7495,147696
11.7495,146248
11.7502,144800
11.7502,143352
11.7503,142471
11.7511,140456
11.7511,139008
11.7511,137560
11.752,136112
11.752,134664
11.752,133216
11.7529,131768
11.7529,130320
11.7744,131768
11.8121,133216
11.8527,134664
11.8945,136112
11.9357,137560
11.9791,139008
12.0226,140456
12.0661,141904
12.1119,143352
12.1589,144800
12.2052,146248
12.2539,147696
12.3036,149144
12.3545,150592
12.4066,152040
12.4604,153488
12.5154,154936
12.5725,156384
12.6309,157832
12.6915,159280
12.7545,160728
12.8186,162176
12.8861,163624
12.9559,165072
13.028,166520
13.1046,167968
13.1847,169416
13.2684,170864
13.3576,172312
13.4485,173760
13.5126,175208
13.5779,176656
13.6431,178104
13.7084,179552
13.7747,181000
13.8422,182448
13.9097,183896
13.9772,185344
14.0459,186792
14.1131,185949
14.1131,186553
14.1131,187157
14.114,187762
14.114,188366
14.114,188970
14.115,189574
14.115,190179
14.115,190783
14.1157,191387
14.1157,191992
14.1158,189688
14.1166,188240
14.1166,186792
14.1166,185344
14.1175,183896
14.1175,182448
14.1175,181000
14.1182,179552
14.1182,178104
14.1183,176656
14.1191,175283
14.1191,173760
14.1191,172312
14.12,170864
14.12,169416
14.12,167968
14.1209,166520
14.1209,165072
14.1209,163624
14.1217,162176
14.1217,160728
14.1218,159280
14.1226,159179
14.1226,156384
14.1226,154936
14.1235,153488
14.1235,152040
14.1235,150592
14.1244,149144
14.1244,147696
14.1244,146248
14.1251,144800
14.1251,143352
14.1251,142471
14.126,140456
14.126,139008
14.126,137560
14.1269,136112
14.1269,134664
14.1269,133216
14.1277,131768
14.1277,130320
14.1493,131768
14.187,133216
14.2281,134664
14.2694,136112
14.3106,137560
14.354,139008
14.3975,140456
14.441,141904
14.4867,143352
14.5337,144800
14.5806,146248
14.6287,147696
14.679,149144
14.7294,150592
14.782,152040
14.8359,153488
14.8907,154936
14.948,156384
15.0064,157832
15.0659,159280
15.1287,160728
15.194,162176
15.2604,163624
15.3302,165072
15.4035,166520
15.479,167968
15.5591,169416
15.6426,170864
15.7319,172312
15.8234,173760
15.8875,175208
15.9527,176656
16.018,178104
16.0832,179552
16.1496,181000
16.2171,182448
16.2846,183896
16.3521,185344
16.3827,184494
16.3827,185092
16.3828,185689
16.3836,186287
16.3836,186884
16.3836,187482
16.3845,188080
16.3845,188677
16.3845,189275
16.3854,189872
16.3854,190470
16.3854,188240
16.3861,186792
16.3861,185344
16.3861,183896
16.387,182448
16.387,181000
16.387,179552
16.3879,178104
16.3879,176656
16.3879,175208
16.3887,173760
16.3887,174100
16.3888,172312
16.3896,170864
16.3896,169416
16.3896,167968
16.3905,166520
16.3905,165072
16.3905,163624
16.3914,162176
16.3914,160728
16.3914,159280
16.3922,157832
16.3922,156384
16.3923,154936
16.393,153488
16.393,152040
16.393,150592
16.3939,149144
16.3939,147696
16.3939,146248
16.3947,144800
16.3947,143352
16.3948,141904
16.3956,140763
16.3956,139008
16.3956,137560
16.3965,136112
16.3965,134664
16.3965,133216
16.3974,131768
16.3974,130320
16.3974,128872
16.4187,130320
16.4196,131768
16.5284,133216
16.5776,134664
16.6267,136112
16.6771,137560
16.7286,139008
16.7801,140456
16.8316,141904
16.8842,143352
16.9369,144800
16.9907,146248
17.0445,147696
17.0994,149144
17.1544,150592
17.2104,152040
17.2665,153488
17.3226,154936
17.3797,156384
17.4381,157832
17.4965,159280
17.555,160728
17.6144,162176
17.675,163624
17.7345,165072
17.7964,166520
17.857,167968
17.9194,169416
17.9822,170864
18.0452,172312
18.1094,173760
18.1734,175208
18.2386,176656
18.3039,178104
18.3691,179552
18.4356,181000
18.503,182448
18.5705,183896
18.638,185344
18.703,184494
18.703,185092
18.703,185689
18.7039,186287
18.7039,186884
18.7039,187482
18.7047,188080
18.7047,188677
18.7048,189275
18.7056,189872
18.7056,190470
18.7056,188240
18.7064,186792
18.7064,185344
18.7064,183896
18.7072,182448
18.7072,181000
18.7073,179552
18.7081,178104
18.7081,176656
18.7081,175208
18.709,173760
18.709,174100
18.709,172312
18.7099,170864
18.7099,169416
18.7099,167968
18.7107,166520
18.7107,165072
18.7108,163624
18.7115,162176
18.7115,160728
18.7115,159280
18.7124,157832
18.7124,156384
18.7124,154936
18.7132,153488
18.7132,152040
18.7133,150592
18.7147,149144
18.7147,147696
18.7148,146248
18.715,144800
18.715,143352
18.715,141904
18.7155,140763
18.7155,139008
18.7159,137560
18.7164,136112
18.7164,134664
18.7167,133216
18.7172,131768
18.7172,130320
18.7176,128872
18.7387,130320
18.7765,131768
18.8177,133216
18.8589,134664
18.9001,136112
18.9436,137560
18.9871,139008
19.0305,140456
19.0764,141904
19.1232,143352
19.1701,144800
19.2182,146248
19.2686,147696
19.319,149144
19.3716,150592
19.4254,152040
19.4802,153488
19.5375,154936
19.5959,156384
19.6554,157832
19.7184,159280
19.7835,160728
19.8499,162176
19.9197,163624
19.993,165072
20.0685,166520
20.1486,167968
20.2321,169416
20.3214,170864
20.3946,172312
20.4587,173760
20.5229,175208
20.588,176656
20.6532,178104
20.7185,179552
20.785,181000
20.8524,182448
20.9199,183896
20.9875,185344
20.9883,184494
20.9891,185092
20.9891,185689
20.9891,186287
20.9906,186884
20.9906,187482
20.9906,188080
20.9909,188677
20.9909,189275
20.9909,189872
20.9914,190470
20.9914,188240
20.9917,186792
20.9922,185344
20.9922,183896
20.9926,182448
20.9931,181000
20.9931,179552
20.9935,178104
20.994,176656
20.994,175208
20.9944,173760
20.995,174100
20.995,172312
20.9951,170864
20.9957,169416
20.9957,167968
20.996,166520
20.9966,165072
20.9966,163624
20.9969,162176
20.9975,160728
20.9975,159280
20.9977,157832
20.9984,156384
20.9984,154936
20.9986,153488
20.9991,152040
20.9991,150592
20.9995,149144
21,147696
21,146248
21.0004,144800
21.0015,143352
21.0015,141904
21.0015,140763
21.0017,139008
21.0017,137560
21.002,136112
21.0022,134664
21.0026,133216
21.0029,131768
21.0031,130320
21.0035,128872
21.0246,130320
21.0252,131768
21.103,133216
21.1442,134664
21.186,136112
21.3039,137560
21.3039,139008
21.3174,140456
21.3617,141904
21.4084,143352
21.4555,144800
21.504,146248
21.5546,147696
21.6047,149144
21.6574,150592
21.7105,152040
21.7659,153488
21.8225,154936
21.8816,156384
21.9422,157832
22.0044,159280
22.0686,160728
22.1369,162176
22.2055,163624
22.279,165072
22.355,166520
22.5056,167968
22.5196,169416
22.6859,170864
22.7022,172312
22.8022,173760
22.911,175208
23.03,176656
23.1592,178104
23.2566,179552
23.323,181000
23.3905,182448
23.458,183896
23.5256,185344
23.5941,186792
23.6316,185949
23.6316,186553
23.6316,187157
23.6325,187762
23.6325,188366
23.6325,188970
23.6334,189574
23.6334,190179
23.6334,190783
23.6342,191387
23.6342,191992
23.6343,189688
23.6351,188240
23.6351,186792
23.6351,185344
23.636,183896
23.636,182448
23.636,181000
23.6367,179552
23.6367,178104
23.6368,176656
23.6376,175283
23.6376,173760
23.6376,172312
23.6385,170864
23.6385,169416
23.6385,167968
23.6394,166520
23.6394,165072
23.6394,163624
23.6402,162176
23.6402,160728
23.6403,159280
23.6411,159179
23.6411,156384
23.6411,154936
23.642,153488
23.642,152040
23.642,150592
23.6429,149144
23.6429,147696
23.6429,146248
23.6436,144800
23.6436,143352
23.6436,142471
23.6445,140456
23.6445,139008
23.6445,137560
23.6454,136112
23.6454,134664
23.6454,133216
23.6462,131768
23.6462,130320
23.6678,131768
23.7056,133216
23.7466,134664
23.7872,136112
23.829,137560
23.872,139008
23.9156,140456
23.9601,141904
24.0059,143352
24.0516,144800
24.0997,146248
24.1477,147696
24.197,149144
24.2485,150592
24.3,152040
24.3537,153488
24.4087,154936
24.4659,156384
24.5242,157832
24.585,159280
24.6479,160728
24.712,162176
24.7795,163624
24.8492,165072
24.9214,166520
24.998,167968
25.0781,169416
25.1617,170864