time,throughput_mbps,sinr_db,is_blocked
0.1,0,31.7793,1
0.2,0,31.7793,1
0.3,0,31.7793,1
0.4,0,31.7793,1
0.5,0,31.7793,1
0.6,0,31.7793,1
0.7,0,31.7793,1
0.8,0,31.7793,1
0.9,0,31.7793,0
1,0,31.7793,0
1.1,0,31.7793,0
1.2,0,31.7793,0
1.3,0,31.7793,0
1.4,0,31.7793,0
1.5,0,31.7793,0
1.6,0,31.7793,0
1.7,0,31.7793,0
1.8,0,31.7793,0
1.9,0,31.7793,0
2,0,31.7793,0
2.1,0,31.7793,0
2.2,0,31.7793,0
2.3,0,31.7793,0
2.4,0,31.7793,0
2.5,0,31.7793,0
2.6,0,31.7793,0
2.7,0,31.7793,0
2.8,0,31.7793,0
2.9,0,31.7793,0
3,0,31.7793,0
3.1,39.3856,26.5822,0
3.2,40.4282,27.0088,0
3.3,40.544,26.5608,0
3.4,40.4282,26.4496,0
3.5,40.544,26.9076,0
3.6,40.544,26.9106,0
3.7,39.7331,26.8742,0
3.8,41.239,26.9335,0
3.9,40.4282,26.5234,0
4,40.544,26.3218,0
4.1,40.4282,26.1465,0
4.2,40.544,26.4187,0
4.3,40.4282,26.2374,0
4.4,40.544,26.5104,0
4.5,40.4282,26.3924,0
4.6,40.544,26.6975,0
4.7,40.4282,27.189,0
4.8,40.544,28.5073,0
4.9,40.544,27.9671,0
5,40.4282,28.5388,0
5.1,40.544,28.2675,0
5.2,40.4282,28.1364,0
5.3,40.544,28.4837,0
5.4,40.4282,28.4234,0
5.5,40.544,29.9845,0
5.6,40.4282,30.17,0
5.7,40.544,29.9431,0
5.8,40.4282,29.5062,0
5.9,40.544,30.6764,0
6,40.4282,30.3828,0
6.1,40.544,30.5866,0
6.2,40.4282,30.5931,0
6.3,40.544,30.2293,0
6.4,40.544,30.6798,0
6.5,40.4282,29.9515,0
6.6,40.544,30.1287,0
6.7,40.4282,30.122,0
6.8,40.544,30.197,0
6.9,40.4282,30.5644,0
7,40.544,30.3978,0
7.1,29.8867,30.6215,0
7.2,51.0854,30.3989,0
7.3,40.4282,29.2797,0
7.4,40.544,29.8063,0
7.5,40.4282,29.7082,0
7.6,40.544,29.3168,0
7.7,40.4282,29.8338,0
7.8,40.544,29.6874,0
7.9,40.544,29.4171,0
8,40.4282,30.0289,0
8.1,40.544,30.4995,0
8.2,40.4282,30.8247,0
8.3,40.544,30.5971,0
8.4,40.4282,29.8044,0
8.5,40.544,30.1704,0
8.6,40.4282,30.1903,0
8.7,40.544,30.4301,0
8.8,40.4282,29.7973,0
8.9,40.544,29.8417,0
9,40.4282,30.2496,0
9.1,40.544,30.5127,0
9.2,40.4282,30.6368,0
9.3,40.544,30.1287,0
9.4,40.544,30.3618,0
9.5,40.4282,30.07,0
9.6,40.544,30.437,0
9.7,40.4282,30.6265,0
9.8,40.544,30.6925,0
9.9,40.4282,30.965,0
10,40.544,30.6663,0
10.1,40.4282,31.6899,0
10.2,40.544,32.3505,0
10.3,40.4282,31.7435,0
10.4,40.544,31.5421,0
10.5,40.4282,31.9496,0
10.6,40.544,31.708,0
10.7,40.4282,32.497,0
10.8,40.544,32.3262,0
10.9,40.544,32.5956,0
11,40.4282,33.1225,0
11.1,40.544,33.0927,0
11.2,40.4282,33.5397,0
11.3,40.544,33.3567,0
11.4,40.4282,33.9813,0
11.5,40.544,34.0776,0
11.6,40.4282,34.5065,0
11.7,40.544,33.0084,0
11.8,40.4282,33.3788,0
11.9,40.544,32.2452,0
12,40.4282,31.859,0
12.1,40.544,32.0366,0
12.2,40.544,32.1751,0
12.3,40.4282,32.3692,0
12.4,40.544,32.3758,0
12.5,40.4282,32.3923,0
12.6,40.544,32.3725,0
12.7,40.4282,32.349,0
12.8,40.544,32.2137,0
12.9,40.4282,31.9787,0
13,40.544,32.1899,0
13.1,40.4282,32.0584,0
13.2,40.544,32.3372,0
13.3,40.4282,31.9969,0
13.4,40.544,31.9726,0
13.5,40.4282,32.6463,0
13.6,40.544,32.4416,0
13.7,40.544,31.7686,0
13.8,40.4282,31.7373,0
13.9,40.544,32.2054,0
14,40.4282,31.8665,0
14.1,40.544,31.0556,0
14.2,40.4282,31.6314,0
14.3,40.544,31.2492,0
14.4,40.4282,31.0792,0
14.5,40.544,31.417,0
14.6,40.4282,31.3621,0
14.7,40.544,32.3214,0
14.8,40.4282,32.2165,0
14.9,40.544,32.0598,0
15,40.4282,32.1806,0
15.1,40.544,32.1788,0
15.2,40.544,31.9688,0
15.3,40.4282,30.8447,0
15.4,40.544,31.1812,0
15.5,40.4282,30.0355,0
15.6,40.544,30.4719,0
15.7,40.4282,30.034,0
15.8,40.544,30.2184,0
15.9,40.4282,28.3704,0
16,40.544,28.3704,0
16.1,40.4282,29.099,0
16.2,40.544,29.3222,0
16.3,40.4282,31.0408,0
16.4,32.7827,30.8963,0
16.5,48.1894,30.9101,0
16.6,40.544,30.9267,0
16.7,40.544,29.8876,0
16.8,40.4282,29.7947,0
16.9,40.544,30.0862,0
17,40.4282,29.8566,0
17.1,40.544,29.6181,0
17.2,40.4282,29.7383,0
17.3,40.544,29.8881,0
17.4,40.4282,30.0695,0
17.5,40.544,31.5625,0
17.6,40.4282,31.5884,0
17.7,40.544,31.5746,0
17.8,40.4282,31.4099,0
17.9,40.544,32.6137,0
18,40.4282,32.5263,0
18.1,40.544,33.1466,0
18.2,40.544,32.9788,0
18.3,40.4282,32.8502,0
18.4,40.544,33.3046,0
18.5,40.4282,33.1402,0
18.6,40.544,32.7001,0
18.7,40.4282,32.8656,0
18.8,40.544,33.0783,0
18.9,40.4282,32.8423,0
19,40.544,32.9677,0
19.1,40.4282,34.2219,0
19.2,40.544,34.7395,0
19.3,40.4282,34.9528,0
19.4,40.544,35.0908,0
19.5,40.544,35.3631,0
19.6,40.4282,35.569,0
19.7,40.544,34.9086,0
19.8,40.4282,35.8526,0
19.9,40.544,36.054,0
20,40.4282,36.0872,0
20.1,40.544,36.8642,0
20.2,40.4282,36.9427,0
20.3,40.544,37.0129,0
20.4,40.4282,36.4959,0
20.5,40.544,38.4162,0
20.6,40.4282,37.4383,0
20.7,40.544,37.3584,0
20.8,40.4282,37.6985,0
20.9,40.544,37.6302,0
21,35.2154,38.1602,0
21.1,45.7568,37.2242,1
21.2,40.544,36.599,1
21.3,10.5414,10.1381,1
21.4,38.6906,10.1435,1
21.5,40.4282,9.44053,1
21.6,40.544,9.02893,1
21.7,40.3123,8.72071,1
21.8,40.6598,8.5069,1
21.9,40.4282,8.98931,1
22,40.544,9.30067,1
22.1,40.3123,8.60389,1
22.2,40.544,8.47785,1
22.3,40.544,8.76773,1
22.4,40.544,8.76493,1
22.5,13.9008,7.43654,1
22.6,37.8797,7.14257,1
22.7,10.0781,7.19918,1
22.8,40.8915,33.5535,0
22.9,40.4282,32.686,0
23,40.544,32.1944,0
23.1,40.4282,31.911,0
23.2,40.544,31.8871,0
23.3,40.4282,31.8337,0
23.4,40.544,32.0581,0
23.5,40.4282,31.7974,0
23.6,40.544,31.1804,0
23.7,40.544,32.0847,0
23.8,40.4282,31.4935,0
23.9,40.544,32.5427,0
24,40.4282,31.961,0
24.1,40.544,31.3793,0
24.2,40.4282,31.3793,0
24.3,40.544,30.6471,0
24.4,40.4282,30.6471,0
24.5,40.544,30.6471,0
24.6,40.4282,30.6471,0
24.7,40.544,30.6471,0
24.8,40.4282,30.6471,0
24.9,40.544,30.6471,0
25,40.4282,30.6471,0
25.1,40.544,30.6471,0