tstamp,gnb_x,gnb_y,gnb_vx,gnb_vy,camera_x,camera_y,camera_vx,camera_vy,ue_x,ue_y,ue_vx,ue_vy,obs_x,obs_y,obs_vx,obs_vy,Blockage,Ploss (dB),SNR (dB),Throughput (Mbit/s)
0,4,5,0,0,0.28,9.53,0,0,4.199,8.708,0,0,3.986,6.902,1,-0.5,TRUE,36.4,11.9,0
0.2,4,5,0,0,0.28,9.53,0,0,4.2,8.711,0,0,3.979,6.885,0,-0.1,TRUE,36.4,12.4,0
0.4,4,5,0,0,0.28,9.53,0,0,4.018,8.736,-0.9,0.1,3.793,7.014,-0.9,0.6,TRUE,36.4,12.3,0
0.6,4,5,0,0,0.28,9.53,0,0,4.194,8.692,0.9,-0.2,3.791,7.007,0,0,TRUE,36.4,11.5,0
0.8,4,5,0,0,0.28,9.53,0,0,4.02,8.742,-0.9,0.3,3.788,7.001,0,0,TRUE,36.5,11.4,0
1,4,5,0,0,0.28,9.53,0,0,4.19,8.683,0.9,-0.3,3.794,7.017,0,0.1,TRUE,36.3,10.7,0
1.2,4,5,0,0,0.28,9.53,0,0,4.189,8.68,0,0,3.976,6.874,0.9,-0.7,TRUE,36.3,11.4,0
1.4,4,5,0,0,0.28,9.53,0,0,4.189,8.68,0,0,3.981,6.888,0,0.1,TRUE,36.3,12.2,0
1.6,4,5,0,0,0.28,9.53,0,0,4.189,8.68,0,0,3.792,7.01,-0.9,0.6,TRUE,36.3,10.7,0
1.8,4,5,0,0,0.28,9.53,0,0,4.186,8.67,0,0,3.981,6.888,0.9,-0.6,TRUE,36.3,10.4,0
2,4,5,0,0,0.28,9.53,0,0,4.187,8.673,0,0,3.984,6.898,0,0.1,TRUE,36.3,11.4,0
2.2,4,5,0,0,0.28,9.53,0,0,4.19,8.683,0,0,3.791,7.007,-1,0.5,TRUE,36.3,12,0
2.4,4,5,0,0,0.28,9.53,0,0,4.007,8.706,-0.9,0.1,3.988,6.909,1,-0.5,TRUE,36.4,11.9,0
2.6,4,5,0,0,0.28,9.53,0,0,4.176,8.645,0.8,-0.3,3.977,6.878,-0.1,-0.2,TRUE,36.2,12.2,0
2.8,4,5,0,0,0.28,9.53,0,0,4.181,8.658,0,0.1,3.791,7.007,-0.9,0.6,TRUE,36.3,11.8,0
3,4,5,0,0,0.28,9.53,0,0,4.196,8.698,0.1,0.2,3.791,7.007,0,0,TRUE,36.4,12.1,0
3.2,4,5,0,0,0.28,9.53,0,0,4.043,8.808,-0.8,0.5,3.791,7.007,0,0,TRUE,36.6,12.5,0
3.4,4,5,0,0,0.28,9.53,0,0,4.044,8.811,0,0,3.788,7.001,0,0,TRUE,36.6,13,0
3.6,4,5,0,0,0.28,9.53,0,0,4.041,8.802,0,0,3.788,7.001,0,0,TRUE,36.6,13.1,0
3.8,4,5,0,0,0.28,9.53,0,0,4.04,8.799,0,0,3.791,7.007,0,0,TRUE,36.6,13,0
4,4,5,0,0,0.28,9.53,0,0,3.897,8.885,-0.7,0.4,3.785,6.991,0,-0.1,TRUE,36.8,13.1,0
4.2,4,5,0,0,0.28,9.53,0,0,3.922,8.953,0.1,0.3,3.785,6.991,0,0,TRUE,36.9,12.4,0
4.4,4,5,0,0,0.28,9.53,0,0,4.096,8.951,0.9,0,3.788,7.001,0,0,TRUE,36.9,12.8,0
4.6,4,5,0,0,0.28,9.53,0,0,4.094,8.945,0,0,3.792,7.01,0,0,TRUE,36.9,12.6,0
4.8,4,5,0,0,0.28,9.53,0,0,3.93,8.976,-0.8,0.2,3.794,7.017,0,0,TRUE,37,12.6,0
5,4,5,0,0,0.28,9.53,0,0,4.092,8.939,0.8,-0.2,3.794,7.017,0,0,TRUE,36.9,13.5,0
5.2,4,5,0,0,0.28,9.53,0,0,4.095,8.948,0,0,3.785,6.99,0,-0.1,TRUE,36.9,12.5,0
5.4,4.07,5,0.4,0,0.28,9.53,0,0,4.089,8.933,0,-0.1,3.983,6.895,1,-0.5,TRUE,36.9,13,0
5.6,4.14,5,0.3,0,0.28,9.53,0,0,4.075,8.894,-0.1,-0.2,3.786,6.994,-1,0.5,TRUE,36.8,13.1,0
5.8,4.26,5,0.6,0,0.28,9.53,0,0,4.055,8.838,-0.1,-0.3,3.969,6.857,0.9,-0.7,TRUE,36.7,13,0
6,4.45,5,1,0,0.28,9.53,0,0,4.045,8.811,0,-0.1,3.965,6.847,0,-0.1,TRUE,36.7,13.1,0
6.2,4.57,5,0.6,0,0.28,9.53,0,0,4.026,8.76,-0.1,-0.3,3.97,6.86,0,0.1,TRUE,36.6,12.4,0
6.4,4.76,5,0.9,0,0.28,9.53,0,0,4.02,8.742,0,-0.1,3.784,6.987,-0.9,0.6,TRUE,36.6,12.8,0
6.6,4.96,5,1,0,0.28,9.53,0,0,4.016,8.73,0,-0.1,3.79,7.004,0,0.1,FALSE,11.7,34.3,0
6.8,5.09,5,0.6,0,0.28,9.53,0,0,4.194,8.692,0.9,-0.2,3.787,6.997,0,0,FALSE,11.6,38.8,0
7,5.21,5,0.6,0,0.28,9.53,0,0,4.196,8.698,0,0,3.79,7.004,0,0,FALSE,11.7,39,0
7.2,5.26,5,0.2,0,0.28,9.53,0,0,4.201,8.714,0,0.1,3.975,6.874,0.9,-0.6,FALSE,11.7,39,0
7.4,5.37,5,0.6,0,0.28,9.53,0,0,4.02,8.742,-0.9,0.1,3.981,6.888,0,0.1,FALSE,12,38.7,3.42
7.6,5.41,5,0.2,0,0.28,9.53,0,0,4.196,8.698,0.9,-0.2,3.796,7.02,-0.9,0.7,FALSE,11.8,39,9.04
7.8,5.52,5,0.5,0,0.28,9.53,0,0,4.198,8.705,0,0,3.977,6.878,0.9,-0.7,FALSE,11.9,39,8.63
8,5.62,5,0.5,0,0.28,9.53,0,0,4.018,8.736,-0.9,0.2,3.793,7.014,-0.9,0.7,FALSE,12.2,38.5,9.27
8.2,5.72,5,0.5,0,0.28,9.53,0,0,3.855,8.771,-0.8,0.2,3.982,6.892,0.9,-0.6,FALSE,12.5,35.7,2.09
8.4,5.81,5,0.4,0,0.28,9.53,0,0,4.198,8.705,1.7,-0.3,3.791,7.007,-1,0.6,FALSE,12.1,34.6,0
8.6,5.89,5,0.4,0,0.28,9.53,0,0,4.187,8.673,-0.1,-0.2,3.788,7,0,0,FALSE,12.1,34.7,0
8.8,5.89,5,0,0,0.28,9.53,0,0,4.01,8.715,-0.9,0.2,3.786,6.994,0,0,FALSE,12.4,33.4,0
9,5.82,5,-0.3,0,0.28,9.53,0,0,4.19,8.683,0.9,-0.2,3.982,6.891,1,-0.5,FALSE,12.1,34.2,2.14
9.2,5.82,5,0,0,0.28,9.53,0,0,4.01,8.715,-0.9,0.2,3.792,7.01,-0.9,0.6,FALSE,12.3,34.7,10.9
9.4,5.89,5,0.3,0,0.28,9.53,0,0,4.187,8.673,0.9,-0.2,3.984,6.898,1,-0.6,FALSE,12.1,34.7,12.7
9.6,5.95,5,0.3,0,0.28,9.53,0,0,4.191,8.686,0,0.1,3.794,7.017,-1,0.6,FALSE,12.2,35.7,13.8
9.8,6.01,5,0.3,0,0.28,9.53,0,0,4.011,8.718,-0.9,0.2,3.981,6.888,0.9,-0.6,FALSE,12.5,34.3,48.2
10,6.06,5,0.2,0,0.28,9.53,0,0,4.005,8.7,0,-0.1,3.791,7.007,-0.9,0.6,FALSE,12.5,33.8,15.6
10.2,6.17,5,0.6,0,0.28,9.53,0,0,4.175,8.642,0.9,-0.3,3.981,6.888,0.9,-0.6,FALSE,12.4,33.3,16.4
10.4,6.17,5,0,0,0.28,9.53,0,0,4.009,8.712,-0.8,0.4,3.791,7.007,-0.9,0.6,FALSE,12.7,33.9,16.6
10.6,6.24,5,0.4,0,0.28,9.53,0,0,4.204,8.72,1,0,3.977,6.878,0.9,-0.6,FALSE,12.5,35.4,16.1
10.8,6.38,5,0.7,0,0.28,9.53,0,0,4.43,8.762,1.1,0.2,3.798,7.027,-0.9,0.7,FALSE,12.5,35.1,15.2
11,6.38,5,0,0,0.28,9.53,0,0,4.444,8.801,0.1,0.2,3.978,6.881,0.9,-0.7,FALSE,12.6,36.3,19.1
11.2,6.45,5,0.4,0,0.28,9.53,0,0,4.668,8.777,1.1,-0.1,3.978,6.881,0,0,FALSE,12.4,34.7,19.9
11.4,6.45,5,0,0,0.28,9.53,0,0,4.662,8.759,0,-0.1,3.796,7.02,-0.9,0.7,FALSE,12.4,35.8,22.1
11.6,6.52,5,0.3,0,0.28,9.53,0,0,4.657,8.746,0,-0.1,3.982,6.891,0.9,-0.6,FALSE,12.4,36.2,24.2
11.8,6.52,5,0,0,0.28,9.53,0,0,4.887,8.666,1.1,-0.4,3.977,6.878,0,-0.1,FALSE,12.1,36.3,25.5
12,6.59,5,0.4,0,0.28,9.53,0,0,5.161,8.622,1.4,-0.2,3.796,7.02,-0.9,0.7,FALSE,11.8,37,27.5
12.2,6.59,5,0,0,0.28,9.53,0,0,5.164,8.63,0,0,3.788,7,0,-0.1,FALSE,11.8,37.2,29.9
12.4,6.66,5,0.4,0,0.28,9.53,0,0,5.487,8.623,1.6,0,3.794,7.017,0,0.1,FALSE,11.6,37.6,31.2
12.6,6.66,5,0,0,0.28,9.53,0,0,5.497,8.652,0.1,0.1,3.979,6.885,0.9,-0.7,FALSE,11.7,36.6,33.1
12.8,6.66,5,0,0,0.28,9.53,0,0,5.499,8.656,0,0,3.983,6.895,0,0.1,FALSE,11.7,35.7,32
13,6.66,5,0,0,0.28,9.53,0,0,5.484,8.615,-0.1,-0.2,3.794,7.017,-0.9,0.6,FALSE,11.6,35.3,34.3
13.2,6.59,5,-0.4,0,0.28,9.53,0,0,5.811,8.501,1.6,-0.6,3.977,6.878,0.9,-0.7,FALSE,11.1,35.3,34.5
13.4,6.52,5,-0.4,0,0.28,9.53,0,0,5.813,8.506,0,0,3.792,7.01,-0.9,0.7,FALSE,11.1,36.7,36.8
13.6,6.52,5,0,0,0.28,9.53,0,0,5.823,8.532,0,0.1,3.796,7.02,0,0,FALSE,11.1,37.1,36.7
13.8,6.52,5,0,0,0.28,9.53,0,0,5.832,8.558,0,0.1,3.788,7,0,-0.1,FALSE,11.2,36.5,34.2
14,6.52,5,0,0,0.28,9.53,0,0,5.839,8.576,0,0.1,3.979,6.885,1,-0.6,FALSE,11.2,37.3,35.2
14.2,6.45,5,-0.3,0,0.28,9.53,0,0,5.867,8.654,0.1,0.4,3.978,6.881,0,0,FALSE,11.4,35.8,35
14.4,6.45,5,0,0,0.28,9.53,0,0,5.869,8.659,0,0,3.793,7.014,-0.9,0.7,FALSE,11.4,35.9,37.8
14.6,6.38,5,-0.4,0,0.28,9.53,0,0,5.883,8.698,0.1,0.2,3.978,6.881,0.9,-0.7,FALSE,11.4,36,36.1
14.8,6.24,5,-0.7,0,0.28,9.53,0,0,5.893,8.724,0,0.1,3.982,6.892,0,0.1,FALSE,11.5,35.5,34.8
15,6.18,5,-0.3,0,0.28,9.53,0,0,5.897,8.738,0,0.1,3.793,7.014,-0.9,0.6,FALSE,11.5,35.6,36.8
15.2,6.18,5,0,0,0.28,9.53,0,0,5.891,8.72,0,-0.1,3.794,7.017,0,0,FALSE,11.4,36.2,36.8
15.4,6.25,5,0.4,0,0.28,9.53,0,0,6.302,8.69,2.1,-0.1,3.979,6.885,0.9,-0.7,FALSE,11.3,38.3,34.5
15.6,6.39,5,0.7,0,0.28,9.53,0,0,6.307,8.704,0,0.1,3.801,7.037,-0.9,0.8,FALSE,11.4,36.3,36.4
15.8,6.39,5,0,0,0.28,9.53,0,0,6.304,8.695,0,0,3.979,6.885,0.9,-0.8,FALSE,11.4,36.6,37.2
16,6.39,5,0,0,0.28,9.53,0,0,6.304,8.695,0,0,3.79,7.004,-0.9,0.6,FALSE,11.4,36.4,36.4
16.2,6.46,5,0.4,0,0.28,9.53,0,0,6.3,8.686,0,0,3.981,6.888,1,-0.6,FALSE,11.3,37,34.5
16.4,6.46,5,0,0,0.28,9.53,0,0,5.901,8.746,-2,0.3,3.794,7.017,-0.9,0.6,FALSE,11.6,35.5,33.8
16.6,6.46,5,0,0,0.28,9.53,0,0,6.292,8.662,2,-0.4,3.98,6.888,0.9,-0.6,FALSE,11.3,37.5,36
16.8,6.46,5,0,0,0.28,9.53,0,0,6.302,8.69,0.1,0.1,3.794,7.017,-0.9,0.6,FALSE,11.3,35.5,36
17,6.53,5,0.4,0,0.28,9.53,0,0,6.295,8.672,0,-0.1,3.982,6.892,0.9,-0.6,FALSE,11.3,37.7,36
17.2,6.53,5,0,0,0.28,9.53,0,0,6.294,8.667,0,0,3.978,6.881,0,-0.1,FALSE,11.3,38,34.6
17.4,6.46,5,-0.4,0,0.28,9.53,0,0,5.891,8.72,-2,0.3,3.791,7.007,-0.9,0.6,FALSE,11.5,35.8,36.7
17.6,6.32,5,-0.7,0,0.28,9.53,0,0,5.881,8.694,0,-0.1,3.791,7.007,0,0,FALSE,11.4,36.5,34.2
17.8,6.12,5,-1,0,0.28,9.53,0,0,5.875,8.676,0,-0.1,3.978,6.881,0.9,-0.6,FALSE,11.3,37.9,35.2
18,5.92,5,-1,0,0.28,9.53,0,0,5.873,8.672,0,0,3.791,7.007,-0.9,0.6,FALSE,11.3,38,33.8
18.2,5.72,5,-1,0,0.28,9.53,0,0,5.88,8.689,0,0.1,3.791,7.007,0,0,FALSE,11.3,37.2,30.3
18.4,5.59,5,-0.6,0,0.28,9.53,0,0,5.869,8.659,-0.1,-0.2,3.974,6.871,0.9,-0.7,FALSE,11.3,35.2,35
18.6,5.4,5,-0.9,0,0.28,9.53,0,0,5.861,8.637,0,-0.1,3.97,6.86,0,-0.1,FALSE,11.3,37.2,33.8
18.8,5.2,5,-1,0,0.28,9.53,0,0,5.488,8.627,-1.9,0,3.789,7.004,-0.9,0.7,FALSE,11.2,36.2,36.2
19,5,5,-1,0,0.28,9.53,0,0,5.479,8.603,0,-0.1,3.793,7.014,0,0,FALSE,11.2,34.9,36
19.2,4.8,5,-1,0,0.28,9.53,0,0,5.158,8.615,-1.6,0.1,3.975,6.874,0.9,-0.7,FALSE,11.2,38.1,34.6
19.4,4.6,5,-1,0,0.28,9.53,0,0,5.161,8.622,0,0,3.977,6.878,0,0,FALSE,11.3,36.7,35.7
19.6,4.39,5,-1,0,0.28,9.53,0,0,5.158,8.615,0,0,3.794,7.017,-0.9,0.7,FALSE,11.4,36,35.6
19.8,4.18,5,-1,0,0.28,9.53,0,0,4.621,8.645,-2.7,0.2,3.793,7.014,0,0,FALSE,11.3,36.5,34.2
20,4.05,5,-0.6,0,0.28,9.53,0,0,4.618,8.639,0,0,3.978,6.881,0.9,-0.7,TRUE,36.3,10.9,14
20.2,3.86,5,-0.9,0,0.28,9.53,0,0,4.374,8.608,-1.2,-0.2,3.789,7.004,-0.9,0.6,TRUE,36.2,12.1,0
20.4,3.66,5,-1,0,0.28,9.53,0,0,4.365,8.585,0,-0.1,3.978,6.881,0.9,-0.6,TRUE,36.3,12.1,0
20.6,3.46,5,-1,0,0.28,9.53,0,0,4.156,8.589,-1,0,3.975,6.874,0,0,TRUE,36.3,12.3,0
20.8,3.26,5,-1,0,0.28,9.53,0,0,3.98,8.632,-0.9,0.2,3.791,7.007,-0.9,0.7,TRUE,36.4,12.2,0
21,3.06,5,-1,0,0.28,9.53,0,0,3.969,8.602,-0.1,-0.1,3.978,6.881,0.9,-0.6,TRUE,36.4,12,0.0579
21.2,2.86,5,-1,0,0.28,9.53,0,0,3.641,8.622,-1.6,0.1,3.787,6.997,-1,0.6,TRUE,36.4,12.9,29
21.4,2.66,5,-1,0,0.28,9.53,0,0,3.62,8.565,-0.1,-0.3,3.978,6.881,1,-0.6,FALSE,11.3,38.9,2.95
21.6,2.46,5,-1,0,0.28,9.53,0,0,3.464,8.543,-0.8,-0.1,3.978,6.881,0,0,FALSE,11.3,36,0
21.8,2.26,5,-1,0,0.28,9.53,0,0,3.212,8.57,-1.3,0.1,3.793,7.014,-0.9,0.7,FALSE,11.4,36.9,103
22,2.05,5,-1,0,0.28,9.53,0,0,3.101,8.588,-0.6,0.1,3.975,6.874,0.9,-0.7,FALSE,11.5,36.6,37.8
22.2,1.84,5,-1,0,0.28,9.53,0,0,2.998,8.604,-0.5,0.1,3.978,6.881,0,0,FALSE,11.6,37.6,33.8
22.4,1.84,5,0,0,0.28,9.53,0,0,2.809,8.628,-0.9,0.1,3.79,7.004,-0.9,0.6,FALSE,11.5,37.3,38.1
22.6,1.77,5,-0.4,0,0.28,9.53,0,0,2.716,8.617,-0.5,-0.1,3.788,7.001,0,0,FALSE,11.5,35.4,34
22.8,1.63,5,-0.7,0,0.28,9.53,0,0,2.613,8.563,-0.5,-0.3,3.984,6.898,1,-0.5,FALSE,11.4,34.2,34.6
23,1.63,5,0,0,0.28,9.53,0,0,2.458,8.561,-0.8,0,3.989,6.912,0,0.1,FALSE,11.3,36,36.8
23.2,1.56,5,-0.3,0,0.28,9.53,0,0,2.371,8.513,-0.4,-0.2,3.987,6.905,0,0,FALSE,11.1,34.9,36.3
23.4,1.56,5,0,0,0.28,9.53,0,0,2.177,8.5,-1,-0.1,3.793,7.014,-1,0.5,FALSE,11,36.2,35
23.6,1.49,5,-0.4,0,0.28,9.53,0,0,2.069,8.509,-0.5,0,3.793,7.014,0,0,FALSE,11,34.9,35.2
23.8,1.49,5,0,0,0.28,9.53,0,0,1.933,8.54,-0.7,0.2,3.98,6.888,0.9,-0.6,FALSE,11,35.5,36.8
24,1.42,5,-0.4,0,0.28,9.53,0,0,1.893,8.553,-0.2,0.1,3.798,7.027,-0.9,0.7,FALSE,11.1,36.6,34.6
24.2,1.42,5,0,0,0.28,9.53,0,0,1.893,8.553,0,0,3.798,7.027,0,0,FALSE,11.1,35.8,35.9
24.4,1.35,5,-0.3,0,0.28,9.53,0,0,1.893,8.553,0,0,3.798,7.027,0,0,FALSE,11.1,36.1,37.6
24.6,1.35,5,0,0,0.28,9.53,0,0,1.893,8.553,0,0,3.798,7.027,0,0,FALSE,11.1,36.1,36.7
24.8,1.28,5,-0.4,0,0.28,9.53,0,0,1.893,8.553,0,0,3.798,7.027,0,0,FALSE,11.1,35.1,34.6
25,1.28,5,0,0,0.28,9.53,0,0,1.893,8.553,0,0,3.798,7.027,0,0,FALSE,11.1,35.7,33.4